rs559491	1	87030840	87030840
rs520814	1	87031943	87031943
rs506060	1	87032399	87032399
rs489967	1	87035771	87035771
rs492745	1	87036096	87036096
rs496588	1	87036432	87036432
rs496675	1	87036460	87036460
rs4546896	1	87036624	87036624
rs12067048	1	87036695	87036695
rs552483	1	87038039	87038039
rs12086183	1	87039216	87039216
rs496114	1	87039294	87039294
rs11581267	1	87039299	87039299
rs540049	1	87040329	87040329
rs5845	1	87040860	87040860
rs17129605	1	87041332	87041332
rs488181	1	87042162	87042162
rs797936	1	87043224	87043224
rs2753280	1	87043982	87043982
rs1199751	1	87044400	87044400
rs797938	1	87045346	87045346
rs2753281	1	87046943	87046943
rs2783974	1	87046981	87046981
rs797940	1	87047613	87047613
rs501506	1	87049249	87049249
rs491029	1	87051778	87051778
rs554213	1	87054178	87054178
rs576955	1	87054331	87054331
rs479341	1	87054491	87054491
rs581405	1	87054831	87054831
rs502404	1	87055908	87055908
rs529032	1	87056558	87056558
rs577214	1	87058738	87058738
rs797942	1	87060307	87060307
rs3766012	1	87062487	87062487
rs547127	1	87063143	87063143
rs11161908	1	87064684	87064684
rs505353	1	87068271	87068271
rs486133	1	87068711	87068711
rs3766014	1	87075252	87075252
rs512912	1	87076063	87076063
rs523679	1	87080116	87080116
rs507966	1	87082095	87082095
rs12096673	1	87083766	87083766
rs561104	1	87083783	87083783
rs527281	1	87085164	87085164
rs3766015	1	87087180	87087180
rs490093	1	87088873	87088873
rs499587	1	87089028	87089028
rs2783977	1	87089409	87089409
rs9433110	1	87091330	87091330
rs578851	1	87091658	87091658
rs12727603	1	87092409	87092409
rs12727774	1	87092533	87092533
rs12727879	1	87092549	87092549
rs548649	1	87092652	87092652
rs3753286	1	87093219	87093219
rs487006	1	87093475	87093475
rs4656125	1	87099036	87099036
rs472509	1	87099901	87099901
rs797935	1	87100579	87100579
rs7553423	1	87104048	87104048
rs1407132	1	87105935	87105935
rs10489917	1	87109809	87109809
rs7542636	1	87111305	87111305
rs7516414	1	87111472	87111472
---------------  problems below  ----------------
